515.07 482.00 120
523.82 482.88 120
534.38 483.56 120
546.13 483.00 120
558.82 483.00 120
569.38 483.44 120
578.07 484.00 120
581.56 483.56 120
581.00 483.44 120
580.12 484.00 120
578.56 483.56 120
577.56 483.00 120
575.69 483.44 120
573.12 484.00 120
568.50 484.00 120
560.06 484.00 120
551.50 484.00 120
544.37 484.00 120
537.93 483.56 120
531.37 483.44 120
524.93 483.56 120
518.37 483.44 120
512.81 484.00 120
509.12 484.00 120
508.00 484.00 120
508.00 484.00 120
508.00 484.00 120
508.00 484.00 120
509.31 484.88 121
514.50 485.12 120
523.38 484.00 120
534.26 484.00 120
546.26 484.00 120
557.38 484.00 120
567.82 484.00 120
577.07 484.00 120
580.56 484.00 120
579.12 484.00 120
578.00 484.00 120
577.12 484.00 120
575.12 484.44 120
573.12 484.56 120
570.25 484.00 120
564.50 484.00 120
556.06 484.00 120
547.93 484.00 120
540.50 484.00 120
532.93 483.56 120
525.93 483.44 120
519.37 484.00 120
513.81 484.00 120
509.25 484.00 120
507.00 484.00 120
506.56 484.00 120
506.00 483.56 120
506.44 483.44 120
507.44 484.00 120
509.75 484.00 120
515.94 484.00 120
526.26 484.00 120
538.26 484.00 120
550.69 484.00 120
562.82 484.00 120
572.94 484.00 120
578.88 484.44 120
579.56 484.56 120
579.00 484.00 120
577.69 484.00 120
575.12 484.00 120
573.12 484.00 120
570.69 484.00 120
566.81 483.56 120
560.06 483.44 120
551.06 484.00 120
542.50 484.00 120
535.37 484.00 120
528.93 484.00 120
522.37 484.00 120
516.37 484.00 120
510.81 484.00 120
506.69 484.00 120
505.00 484.44 120
505.00 484.56 120
505.00 484.00 120
505.00 484.00 120
505.88 484.00 120
510.07 484.00 120
518.82 484.00 120
530.26 484.00 120
541.82 484.00 120
553.69 484.00 120
565.82 484.00 120
575.50 484.00 120
579.56 484.00 120
578.56 484.00 120
576.69 484.00 120
574.12 484.00 120
573.00 484.00 120
572.12 483.56 120
569.25 483.44 120
563.93 484.00 120
555.62 484.00 120
546.50 484.00 120
539.37 484.00 120
532.93 484.00 120
525.50 484.00 120
518.81 484.00 120
513.37 484.00 120
508.25 484.00 120
505.12 484.00 120
504.00 484.00 120
504.00 484.00 120
504.00 484.00 120
504.44 483.56 120
506.31 483.44 120
511.50 484.00 120
521.26 484.00 120
533.26 484.00 120
545.26 484.00 120
557.26 484.00 120
567.94 484.00 120
575.63 484.00 120
578.56 484.00 120
577.12 484.00 120
575.12 484.00 120
573.12 484.00 120
571.56 484.00 120
570.12 484.44 120
566.81 484.56 120
560.06 484.00 120
550.62 484.00 120
541.93 484.00 120
535.37 484.00 120
528.93 484.00 120
521.93 484.00 120
515.37 484.00 120
510.25 484.00 120
506.25 483.56 120
503.56 483.44 120
503.00 484.00 120
503.00 484.00 120
503.00 484.00 120
503.88 484.00 120
507.63 484.00 120
514.94 484.00 120
525.69 484.00 120
538.26 484.00 120
550.26 484.00 120
561.38 484.00 120
571.82 484.00 120
577.12 484.00 120
575.56 484.00 120
574.12 484.44 120
572.56 484.56 120
571.12 484.00 120
569.56 484.00 120
567.69 484.00 120
562.93 484.00 120
554.62 484.00 120
545.50 484.00 120
537.93 483.56 120
531.37 483.44 120
524.93 484.00 120
518.37 484.00 120
512.37 484.00 120
506.81 484.00 120
502.69 484.00 120
501.00 484.00 120
501.00 484.00 120
501.44 484.00 120
502.44 484.00 120
503.88 484.00 120
508.94 484.00 120
518.82 484.00 120
530.26 484.44 120
542.26 484.56 120
553.82 484.00 120
564.38 484.00 120
572.63 484.00 120
575.56 484.00 120
574.56 484.00 120
573.12 483.56 120
571.12 483.44 120
569.12 484.00 120
567.12 484.00 120
563.81 484.00 120
557.50 484.00 120
548.62 484.00 120
539.93 484.00 120
533.37 484.00 120
526.93 484.00 120
519.93 484.00 120
513.37 484.00 120
508.25 483.56 120
503.81 483.44 120
501.00 484.00 120
500.56 484.00 120
500.44 484.00 120
501.00 484.00 120
501.88 484.00 120
505.63 483.56 120
513.38 483.44 120
524.26 484.00 120
536.26 484.00 120
548.69 484.00 120
560.38 484.00 120
569.94 484.00 120
574.56 484.00 120
573.12 484.00 120
572.00 484.00 120
570.69 484.44 120
568.12 484.56 120
566.56 484.00 120
564.25 484.00 120
558.93 484.00 120
550.62 484.00 120
541.50 484.00 120
533.93 484.00 120
526.50 484.00 120
518.93 484.00 120
512.81 484.00 120
507.81 484.00 120
503.25 484.00 120
500.56 484.00 120
500.00 484.00 120
500.00 484.00 120
500.00 484.00 120
500.44 483.56 120
502.75 483.44 120
509.82 483.56 120
521.26 483.44 120
533.69 484.00 120
546.26 484.00 120
557.82 484.00 120
567.94 483.56 120
573.88 483.44 120
574.12 484.00 120
573.00 483.56 120
571.25 483.44 120
568.56 484.00 120
567.56 484.00 120
566.12 484.00 120
561.50 484.00 120
552.62 484.00 120
543.50 484.00 120
535.93 484.00 120
528.93 484.44 120
521.93 484.56 120
515.37 484.00 120
509.37 484.44 120
503.81 484.56 120
500.56 484.00 120
500.00 484.00 120
500.00 484.00 120
500.00 484.00 120
500.00 484.00 120
501.31 484.00 120
506.94 484.00 120
516.82 484.00 120
528.26 484.00 120
540.26 484.00 120
552.26 484.00 120
563.38 484.00 120
571.19 483.56 120
573.12 483.44 120
571.56 484.00 120
570.12 484.44 120
568.56 484.56 120
567.56 484.00 120
566.12 484.00 120
562.37 484.00 120
555.06 483.56 120
546.06 483.44 120
537.93 484.00 120
531.81 484.00 120
525.50 484.00 120
518.37 484.44 120
511.93 484.56 120
506.25 484.00 120
502.25 484.00 120
499.56 484.00 120
499.00 484.00 120
499.00 484.00 120
499.00 484.00 120
499.88 484.00 120
503.19 484.00 120
510.82 484.00 120
522.26 484.00 120
534.26 484.00 120
545.82 484.00 120
556.82 484.00 120
566.94 484.00 120
572.00 484.00 120
571.56 484.44 120
570.56 484.12 120
569.12 483.44 120
567.12 484.00 120
565.12 484.00 120
562.25 484.00 120
556.93 484.00 120
549.06 484.00 120
540.50 484.00 120
532.93 484.00 120
525.50 484.00 120
518.37 484.00 120
511.93 484.00 120
505.81 484.00 120
501.25 484.00 120
498.56 484.00 120
497.56 484.00 120
497.44 484.00 120
498.00 484.00 120
498.00 484.00 120
500.19 484.00 120
507.38 484.00 120
518.26 484.00 120
530.69 484.00 120
543.26 484.44 120
554.82 484.56 120
564.94 484.00 120
570.88 484.00 120
571.12 484.00 120
569.56 484.00 120
567.69 484.00 120
565.56 484.00 120
564.12 484.00 120
561.69 483.56 120
557.37 483.44 120
549.62 484.00 120
540.06 484.00 120
531.93 484.00 120
524.50 484.00 120
517.37 484.00 120
511.37 484.00 120
505.81 484.00 120
500.81 484.00 120
497.56 484.00 120
497.00 484.00 120
497.00 484.00 120
496.56 484.00 120
496.44 484.00 120
497.44 484.00 120
501.07 484.00 120
510.26 484.00 120
522.26 484.00 120
533.82 484.00 120
545.26 484.00 120
556.38 484.00 120
565.50 484.00 120
570.00 484.00 120
568.69 484.00 120
567.00 484.00 120
566.12 484.00 120
563.69 484.00 120
561.12 484.44 120
558.25 485.00 120
552.06 484.56 120
543.06 484.00 120
534.50 484.00 120
526.93 484.44 120
519.93 484.56 120
512.93 484.00 120
506.37 484.00 120
500.81 484.00 120
496.69 484.00 120
495.00 484.00 120
495.00 484.00 120
495.00 484.00 120
495.88 484.00 120
497.00 484.00 120
498.31 484.00 120
504.82 484.00 120
516.26 484.00 120
528.69 484.00 120
540.82 484.44 120
552.69 484.56 120
563.50 484.00 120
568.44 484.00 120
568.12 484.00 120
567.00 484.00 120
565.69 484.00 120
563.56 484.00 120
562.56 484.00 120
559.81 484.00 120
553.06 484.44 120
544.06 484.56 120
535.50 484.00 120
528.37 484.00 120
521.50 483.56 120
513.50 483.88 120
506.81 484.56 120
501.81 484.00 120
497.25 484.00 120
495.00 484.00 120
495.00 484.00 120
494.56 484.00 120
494.00 484.00 120
494.44 484.00 120
496.31 484.00 120
502.38 484.00 120
512.82 484.00 120
525.13 484.00 120
537.82 484.00 120
549.26 483.56 120
560.38 483.44 120
567.31 484.00 120
568.12 484.00 120
567.00 484.00 120
565.69 484.00 120
563.56 484.00 120
562.56 484.00 120
560.69 484.00 120
555.93 484.00 120
547.18 484.00 120
537.50 484.00 120
530.37 484.00 120
523.50 484.00 120
515.93 484.00 120
508.93 484.00 120
503.25 484.00 120
499.25 484.00 120
495.69 484.00 120
494.00 484.00 120
494.00 484.00 120
494.00 484.00 120
494.00 484.00 120
494.88 484.00 120
499.07 484.00 120
508.26 484.00 120
520.69 483.56 120
533.69 483.88 120
546.26 484.56 120
557.38 484.44 120
565.63 484.56 120
568.12 484.00 120
566.56 484.00 120
565.12 484.00 120
563.56 484.00 120
561.69 484.00 120
558.69 484.00 120
554.37 484.00 120
547.06 484.00 120
538.50 484.00 120
530.93 484.00 120
523.50 484.00 120
515.93 484.00 120
509.37 484.00 120
503.37 484.00 120
498.25 484.00 120
495.12 483.56 120
493.56 483.44 120
493.00 484.00 120
493.00 484.00 120
493.44 484.00 120
494.44 484.00 120
498.07 484.00 120
506.82 484.44 120
518.26 484.56 120
531.13 484.00 120
543.82 484.00 120
554.82 484.00 120
564.07 484.44 120
567.12 484.56 120
566.00 484.00 120
565.56 484.00 120
564.12 484.00 120
562.12 484.00 120
558.81 484.00 120
554.25 484.00 120
548.50 484.00 120
540.06 484.00 120
531.93 484.00 120
524.06 484.00 120
515.93 484.00 120
508.93 484.00 120
502.37 484.00 120
497.25 484.00 120
494.12 484.00 120
493.00 484.00 120
493.00 483.56 120
493.00 483.44 120
493.00 484.00 120
493.88 484.00 120
497.19 484.00 120
505.26 484.00 120
517.69 484.00 120
530.69 484.00 120
543.26 484.00 120
554.82 484.00 120
563.63 483.56 120
566.56 483.00 120
565.56 483.44 120
564.12 484.00 120
562.12 484.00 120
560.56 484.00 120
558.25 484.00 120
553.81 484.00 120
547.06 484.00 120
538.06 484.00 120
529.93 484.44 120
522.06 484.56 120
513.93 484.00 120
507.37 484.44 120
501.81 484.56 120
496.81 484.00 120
493.12 484.00 120
491.56 484.00 120
491.44 484.00 120
492.00 484.00 120
492.00 484.00 120
492.44 484.44 120
495.63 484.56 120
503.82 484.00 120
515.26 484.00 120
528.13 484.00 120
541.26 484.00 120
552.38 484.00 120
561.50 484.00 120
565.56 484.00 120
564.56 484.00 120
563.56 484.00 120
561.69 484.00 120
559.56 484.00 120
557.25 484.00 120
552.81 484.00 120
546.06 484.00 120
537.50 484.44 120
529.50 484.56 120
521.93 484.00 120
515.37 484.00 120
508.93 484.00 120
502.37 484.00 120
496.81 484.00 120
492.69 484.00 120
491.00 484.00 120
491.00 484.00 120
491.00 484.44 120
491.00 484.56 120
491.44 484.00 120
494.19 484.00 120
501.82 484.00 120
512.82 483.56 120
525.13 483.44 120
537.82 484.00 120
549.26 484.00 120
559.94 484.44 120
565.00 484.56 120
564.56 483.56 120
563.12 483.44 120
560.69 484.00 120
558.56 484.00 120
556.69 484.00 120
552.81 484.00 120
546.50 484.00 120
538.06 484.00 120
529.50 484.00 120
521.93 484.00 120
514.93 484.00 120
507.93 484.00 120
500.93 484.00 120
495.69 484.00 120
492.25 484.00 120
490.00 484.00 120
490.00 484.00 120
489.56 484.00 120
489.44 484.00 120
490.44 484.00 120
493.19 484.00 120
500.82 483.56 120
512.26 483.44 120
524.69 484.00 120
537.26 484.00 120
549.26 484.44 120
559.94 484.56 120
564.56 484.00 120
563.56 484.00 120
562.12 484.00 120
560.12 484.44 120
558.12 484.56 120
555.69 484.00 120
551.37 484.00 120
544.93 484.00 120
537.50 484.00 120
529.50 484.00 120
521.50 484.00 120
513.50 484.00 120
505.93 483.56 120
499.81 483.44 120
494.81 484.00 120
490.69 484.44 120
489.00 484.56 120
489.00 484.00 120
489.00 484.44 120
489.00 484.56 120
489.44 484.00 120
492.19 484.44 120
500.26 484.56 120
511.82 484.44 120
524.13 484.56 120
536.82 484.00 120
548.26 484.00 120
558.50 484.00 120
562.56 484.00 120
562.00 484.00 120
561.12 484.00 120
559.12 484.00 120
557.56 483.56 120
555.25 483.88 120
550.37 484.56 120
543.93 484.00 120
536.50 484.00 120
528.06 484.00 120
519.93 484.00 120
512.93 484.00 120
505.93 484.00 120
499.81 484.00 120
494.37 484.00 120
490.12 484.00 120
488.56 484.00 120
488.00 484.00 120
488.00 484.00 120
488.44 484.00 120
489.00 484.00 120
491.63 484.00 120
499.38 484.00 120
510.26 484.00 120
523.13 484.00 120
535.82 484.44 120
546.82 484.56 120
556.94 484.00 120
562.00 484.00 120
562.00 484.00 120
561.12 484.00 120
559.12 484.00 120
557.56 483.56 120
555.69 483.44 120
551.37 484.00 120
544.50 484.00 120
536.93 483.56 120
529.06 483.44 120
520.93 484.00 120
513.50 484.44 120
505.93 484.56 120
499.81 484.00 120
494.81 483.56 120
490.69 483.44 120
488.56 484.00 120
488.00 484.00 120
488.00 484.00 120
488.00 484.44 120
488.88 484.56 120
492.19 484.00 120
498.94 484.00 120
508.38 484.00 120
521.01 484.00 120
534.82 484.00 120
546.26 484.44 120
556.94 484.56 120
562.00 484.00 120
561.12 484.00 120
559.56 484.00 120
557.69 484.00 120
556.00 484.00 120
554.69 484.00 120
551.25 484.00 120
545.06 483.56 120
536.06 483.44 120
527.93 484.00 120
520.93 484.00 120
514.37 484.00 120
507.06 483.56 120
499.37 483.88 120
493.81 484.12 120
489.69 483.44 120
488.00 484.00 120
487.56 484.00 120
487.00 484.00 120
487.44 484.00 120
488.00 484.00 120
490.19 484.00 120
497.38 484.00 120
508.26 484.44 120
520.69 484.12 120
533.26 483.44 120
546.57 484.00 120
557.63 484.00 120
561.00 484.44 120
560.12 484.56 120
558.56 484.00 120
557.12 484.44 120
555.56 484.56 120
553.69 483.56 120
549.81 483.00 120
543.50 483.44 120
535.50 484.44 120
527.50 484.56 120
519.93 484.00 120
512.93 484.00 120
505.50 484.00 120
498.81 484.00 120
493.81 484.00 120
489.25 483.56 120
486.56 483.44 120
486.00 484.00 120
486.00 484.00 120
486.00 483.56 120
486.88 483.44 120
489.31 484.00 120
495.38 484.44 120
506.26 484.56 120
519.13 484.00 120
531.82 483.56 120
542.82 483.44 120
553.38 484.00 120
559.44 484.00 120
559.56 484.00 120
558.56 484.00 120
557.12 484.00 120
555.56 483.56 120
553.69 483.44 120
549.81 484.00 120
543.93 484.00 120
536.06 483.56 120
527.50 483.44 120
519.93 484.00 120
512.50 484.00 120
504.93 484.00 120
498.37 484.00 120
493.25 484.00 120
488.81 484.00 120
486.00 484.44 120
486.00 484.56 120
486.00 483.56 120
486.00 483.44 120
485.56 484.00 120
487.63 484.00 120
494.94 484.00 120
504.82 483.56 120
517.13 483.44 120
530.26 484.00 120
542.26 483.56 120
552.94 483.44 120
558.88 484.00 120
559.56 484.00 120
558.56 484.00 120
557.12 484.00 120
555.12 484.00 120
553.12 484.44 120
550.25 484.56 120
545.37 484.00 120
538.06 484.00 120
528.62 484.00 120
519.93 484.00 120
512.50 484.00 120
505.37 484.00 120
499.37 484.00 120
493.81 483.56 120
488.81 483.44 120
485.56 484.00 120
485.00 484.00 120
485.00 484.00 120
485.00 484.00 120
485.00 484.00 120
486.75 484.00 120
492.50 484.00 120
502.26 484.00 120
514.69 484.44 120
527.26 484.56 120
539.26 484.00 120
550.38 484.00 120
557.75 484.00 120
559.12 484.00 120
558.00 483.56 120
557.56 483.44 120
555.69 484.00 120
553.12 484.00 120
550.25 484.00 120
544.93 484.00 120
537.50 484.00 120
529.06 484.00 120
520.93 483.56 120
513.50 483.44 120
506.37 484.00 120
500.37 484.00 120
494.81 483.56 120
490.25 483.44 120
486.69 484.00 120
485.00 484.00 120
484.56 484.44 120
484.44 484.56 120
485.00 484.00 120
485.88 484.00 120
489.63 484.00 120
498.26 484.00 120
509.38 484.44 120
521.57 484.56 120
534.82 484.00 120
545.82 484.00 120
555.07 483.56 120
558.12 483.44 120
556.56 484.00 120
555.56 484.00 120
554.12 484.00 120
552.12 484.00 120
549.25 485.31 121
544.81 485.69 120
538.50 484.44 120
530.06 484.56 120
521.50 484.00 120
513.93 484.00 120
506.93 484.44 120
500.37 484.56 120
494.37 484.00 120
489.25 484.00 120
485.25 484.00 120
483.00 484.00 120
483.00 484.00 120
483.00 484.00 120
483.44 484.00 120
484.44 484.00 120
487.63 484.00 120
496.26 484.00 120
507.82 484.00 120
520.13 484.00 120
532.82 484.00 120
544.26 484.00 120
554.50 484.00 120
558.12 484.00 120
556.56 484.00 120
555.12 484.00 120
553.12 484.00 120
551.12 484.00 120
549.12 484.00 120
545.37 484.00 120
538.50 484.00 120
529.62 484.00 120
520.50 484.00 120
512.93 484.00 120
505.93 484.00 120
498.93 484.44 120
492.81 484.56 120
487.81 484.00 120
484.12 484.00 120
483.00 484.00 120
483.00 484.00 120
482.12 484.00 120
482.31 484.00 120
484.44 484.00 120
487.63 484.00 120
495.82 484.00 120
507.26 483.56 120
520.13 483.00 120
532.82 483.44 120
544.26 484.00 120
554.50 483.56 120
557.69 483.44 120
556.00 484.00 120
555.12 484.44 120
553.12 484.56 120
551.12 484.00 120
547.81 484.00 120
543.69 484.00 120
538.06 484.00 120
529.06 484.00 120
520.50 484.00 120
512.93 484.00 120
505.93 484.00 120
498.93 484.00 120
492.81 483.56 120
488.25 483.44 120
484.69 484.44 120
483.00 484.56 120
483.00 484.00 120
482.56 484.00 120
482.44 484.00 120
483.44 484.00 120
487.07 484.00 120
495.38 484.00 120
506.26 484.00 120
519.13 484.00 120
531.82 484.00 120
543.26 484.00 120
553.07 484.00 120
556.56 484.00 120
555.56 484.00 120
554.56 484.00 120
553.12 484.00 120
551.12 484.00 120
548.69 484.00 120
544.37 484.00 120
537.06 484.00 120
528.93 484.00 120
521.06 484.00 120
512.93 484.00 120
505.50 484.00 120
498.37 484.00 120
492.37 484.44 120
487.25 484.56 120
483.69 484.00 120
482.00 484.00 120
482.00 484.00 120
482.00 484.00 120
482.00 484.00 120
482.44 484.44 120
485.63 484.56 120
493.38 483.56 120
504.26 483.44 120
517.13 483.56 120
530.26 483.00 120
541.82 483.44 120
551.50 484.00 120
556.00 484.00 120
555.56 484.00 120
554.12 484.00 120
552.12 484.00 120
550.12 484.00 120
548.12 483.56 120
544.37 483.44 120
537.50 484.00 120
529.06 484.00 120
520.50 484.00 120
512.93 484.00 120
505.50 484.00 120
497.93 484.00 120
491.37 484.00 120
486.25 484.00 120
482.69 484.44 120
481.00 484.56 120
481.00 484.00 120
481.00 484.00 120
481.00 484.00 120
481.44 484.00 120
484.63 484.00 120
493.26 484.00 120
505.26 484.00 120
517.69 484.00 120
530.26 484.00 120
541.82 484.00 120
551.50 484.00 120
555.56 484.00 120
554.56 484.00 120
553.12 484.44 120
551.12 484.56 120
549.12 484.00 120
546.25 484.00 120
541.37 484.00 120
534.50 483.56 120
526.06 483.00 120
517.93 483.44 120
510.93 484.44 120
503.50 484.56 120
496.37 484.00 120
490.37 484.00 120
484.81 484.00 120
481.12 484.00 120
480.00 484.00 120
480.00 484.00 120
480.44 484.00 120
481.00 484.00 120
480.12 484.00 120
483.82 484.00 120
494.82 484.00 120
506.26 484.00 120
519.13 484.00 120
531.82 483.56 120
542.82 483.44 120
551.63 484.00 120
553.69 484.00 120
552.44 484.00 120
551.69 484.44 120
549.56 484.56 120
548.12 484.44 120
545.69 484.56 120
540.93 484.00 120
533.06 484.00 120
524.06 483.56 120
517.69 483.44 120
511.18 484.00 120
501.50 484.00 120
494.37 484.00 120
488.81 484.00 120
483.81 484.88 121
480.56 485.12 120
480.00 484.00 120
480.00 484.00 120
480.00 484.00 120
480.00 484.00 120
480.88 484.00 120
485.50 484.00 120
495.26 484.00 120
507.69 484.00 120
520.69 484.00 120
533.26 483.56 120
544.82 483.00 120
553.19 483.44 120
555.12 484.00 120
553.56 484.00 120
551.69 484.00 120
548.69 484.00 120
547.00 484.00 120
545.69 484.00 120
540.93 484.44 120
533.06 484.56 120
523.62 484.00 120
514.93 484.00 120
507.93 484.00 120
500.93 484.00 120
494.81 484.88 121
489.37 485.12 120
483.81 484.00 120
480.12 484.00 120
479.00 483.56 120
479.00 483.44 120
479.00 484.00 120
479.44 484.00 120
480.88 484.00 120
485.94 484.00 120
495.82 484.00 120
507.69 484.00 120
520.69 484.00 120
532.82 484.00 120
543.82 484.00 120
552.19 483.56 120
554.12 483.44 120
553.00 484.00 120
551.69 484.00 120
549.56 484.00 120
548.12 484.00 120
545.25 484.00 120
539.93 483.56 120
532.50 483.44 120
523.62 484.44 120
514.93 484.56 120
508.37 484.00 120
501.93 484.00 120
495.37 484.00 120
488.93 484.00 120
483.25 484.00 120
480.12 484.00 120
479.44 484.00 120
480.00 484.00 120
479.56 483.56 120
479.44 483.44 120
480.88 484.00 120
486.38 484.44 120
496.82 484.56 120
507.82 484.00 120
520.13 484.00 120
532.82 483.56 120
543.38 483.44 120
551.63 484.00 120
554.12 484.00 120
553.00 483.56 120
551.69 483.00 120
549.12 483.44 120
547.12 484.00 120
544.25 483.56 120
538.93 483.44 120
531.06 484.00 120
522.06 484.00 120
513.93 484.00 120
507.37 484.00 120
500.50 483.56 120
493.37 483.44 120
487.81 484.00 120
482.81 484.00 120
479.12 484.00 120
478.00 484.44 120
478.44 484.56 120
479.00 483.56 120
479.00 483.44 120
480.31 484.00 120
485.94 484.00 120
496.26 484.00 120
508.69 484.00 120
521.26 484.44 120
533.26 484.56 120
544.38 483.56 120
551.31 483.88 120
552.12 484.56 120
551.00 484.00 120
549.69 484.00 120
547.56 484.44 120
545.69 484.56 120
542.25 484.00 120
536.93 484.00 120
529.06 484.00 120
520.50 484.44 120
512.50 485.00 120
504.93 484.56 120
497.93 484.00 120
491.37 484.00 120
485.37 484.00 120
480.25 484.00 120
477.56 484.00 120
477.44 484.00 120
478.00 484.00 120
478.00 484.00 120
478.00 484.00 120
479.75 484.00 120
486.38 484.00 120
497.26 484.00 120
509.26 484.00 120
521.69 484.00 120
534.26 484.00 120
544.94 484.00 120
550.44 484.00 120
550.56 484.00 120
549.56 484.00 120
548.12 483.56 120
546.12 483.00 120
543.69 483.44 120
540.25 484.00 120
534.93 484.00 120
526.62 484.00 120
517.50 484.00 120
509.93 483.56 120
503.37 483.44 120
496.50 483.56 120
488.93 483.44 120
482.81 484.00 120
478.69 484.00 120
476.56 484.00 120
476.44 484.00 120
477.00 484.00 120
477.44 484.00 120
477.56 484.00 120
478.31 484.00 120
484.38 484.00 120
495.69 484.44 120
509.13 485.00 120
522.26 483.69 120
533.82 482.88 120
544.38 484.00 120
550.44 484.00 120
550.56 484.00 120
549.56 484.00 120
548.12 484.00 120
546.12 484.00 120
543.69 484.00 120
539.81 484.00 120
533.50 484.00 120
525.06 484.00 120
516.50 484.00 120
508.93 484.00 120
501.93 484.00 120
494.93 484.00 120
488.81 484.00 120
483.37 484.00 120
478.25 484.00 120
475.56 484.00 120
475.44 484.00 120
476.00 484.00 120
476.00 484.44 120
476.44 484.12 120