505.00 504.00 78753 125
505.00 504.00 78779 125
504.56 504.00 78806 125
505.31 504.00 78831 125
512.26 504.00 78857 125
527.76 504.00 78883 125
547.32 504.00 78909 125
565.01 504.00 78935 125
573.12 504.00 78961 125
571.12 504.00 78987 125
568.69 504.00 79013 125
566.12 504.00 79039 125
560.18 504.00 79065 125
548.31 504.00 79091 125
534.87 504.00 79117 125
522.18 504.00 79143 125
512.06 504.00 79169 125
504.37 504.00 79195 125
501.00 504.00 79221 125
501.44 504.00 79247 125
502.88 504.00 79273 125
507.50 504.00 79299 125
520.32 504.00 79325 125
539.76 504.00 79351 125
558.88 504.00 79377 125
572.50 504.00 79404 125
575.25 504.00 79429 125
573.00 504.44 79455 125
572.56 504.56 79481 125
568.50 504.00 79507 125
557.87 504.00 79533 125
543.87 504.00 79559 125
530.74 504.00 79585 125
520.06 504.44 79611 125
511.93 504.56 79637 125
507.56 504.00 79663 125
507.44 504.00 79689 125
508.44 504.00 79715 125
510.75 504.00 79741 125
520.45 504.00 79767 125
538.76 504.00 79793 125
558.76 504.00 79819 125
575.26 504.00 79845 125
580.69 504.00 79872 125
579.00 504.00 79897 125
578.56 504.00 79923 125
574.50 504.00 79949 125
564.31 504.00 79975 125
550.87 504.00 80002 125
537.74 504.00 80027 125
526.18 504.00 80053 125
516.93 504.00 80079 125
511.69 504.00 80105 125
510.44 504.00 80131 125
511.44 504.00 80157 125
513.75 504.00 80183 125
522.13 504.00 80209 125
538.76 504.00 80235 125
558.32 504.00 80261 125
576.01 504.00 80287 125
583.69 504.44 80313 125
582.00 504.56 80339 125
581.12 504.00 80365 125
577.37 504.00 80391 125
569.18 504.00 80417 125
557.31 504.00 80443 125
544.31 504.00 80470 125
531.74 504.00 80495 125
521.06 504.00 80521 125
514.69 504.44 80547 125
513.44 504.56 80573 125
514.00 504.00 80599 125
515.31 504.00 80625 125
521.82 504.00 80651 125
536.32 504.00 80677 125
556.20 504.00 80703 125
575.01 504.00 80729 125
584.44 504.00 80755 125
584.12 504.00 80781 125
583.00 504.00 80807 125
581.69 504.00 80833 125
574.31 504.00 80859 125
561.74 504.00 80885 125
548.87 504.00 80911 125
536.18 504.00 80937 125
525.62 504.00 80963 125
517.81 504.00 80989 125
515.44 504.00 81015 125
516.44 504.00 81041 125
518.31 503.56 81068 125
524.38 503.44 81093 125
537.88 504.00 81119 125
556.32 504.00 81145 125
574.45 504.00 81171 125
586.63 504.00 81197 125
587.81 504.00 81223 125
585.44 504.00 81249 125
585.56 504.00 81275 125
579.31 504.00 81301 125
566.74 504.00 81327 125
553.87 504.00 81353 125
541.18 504.00 81379 125
531.06 504.00 81405 125
522.50 504.00 81431 125
518.00 504.44 81457 125
518.00 505.00 81483 125
518.88 504.56 81509 125
522.19 504.00 81536 125
532.45 504.00 81561 125
550.76 504.00 81587 125
570.32 504.00 81613 125
586.26 504.00 81639 125
591.25 504.00 81666 125
588.56 504.00 81691 125
587.12 504.00 81717 125
582.93 504.00 81743 125
573.31 504.00 81769 125
560.31 503.56 81795 125
546.87 503.44 81821 125
534.62 504.00 81847 125
525.93 504.44 81873 125
520.25 504.56 81899 125
518.44 504.00 81925 125
519.44 504.00 81951 125
521.31 504.00 81977 125
528.26 504.00 82003 125
543.32 504.00 82029 125
562.32 504.00 82055 125
580.45 504.00 82081 125
590.44 504.00 82107 125
590.56 504.44 82134 125
589.12 504.56 82159 125
586.25 504.00 82185 125
578.31 504.00 82211 125
565.31 503.56 82237 125
551.87 503.88 82263 125
539.62 504.56 82289 125
530.06 504.00 82315 125
522.37 504.00 82341 125
519.00 504.00 82367 125
519.00 504.00 82393 125
519.00 504.00 82419 125
523.82 504.00 82445 125
538.32 504.00 82471 125
557.32 504.00 82497 125
575.88 504.00 82523 125
589.50 504.00 82549 125
591.81 504.00 82575 125
589.00 504.00 82601 125
588.12 504.00 82627 125
581.74 504.00 82653 125
569.31 503.56 82679 125
555.87 503.44 82705 125
542.74 504.00 82732 125
532.50 504.00 82757 125
524.50 504.00 82783 125
519.12 504.00 82809 125
518.44 504.00 82835 125
519.44 504.00 82861 125
522.19 504.00 82887 125
532.01 504.00 82913 125
549.32 504.00 82939 125
568.76 504.00 82965 125
586.13 504.00 82991 125
591.81 504.00 83017 125
588.56 504.00 83043 125
587.12 504.00 83069 125
583.37 504.00 83095 125
574.74 504.00 83121 125
561.87 504.00 83147 125
548.31 504.00 83173 125
536.62 504.00 83200 125
527.50 504.00 83225 125
521.25 504.00 83251 125
519.44 504.44 83277 125
520.00 504.56 83303 125
520.88 504.00 83330 125
527.69 504.00 83355 125
543.32 504.00 83381 125
562.32 503.56 83407 125
580.01 503.44 83433 125
589.88 504.00 83459 125
589.69 504.00 83485 125
588.44 504.00 83511 125
586.81 504.00 83537 125
577.87 504.44 83563 125
564.31 504.56 83589 125
551.31 504.00 83615 125
539.62 504.00 83641 125
530.06 504.00 83667 125
521.93 504.00 83693 125
518.44 504.00 83719 125
519.44 504.00 83745 125
520.88 504.00 83771 125
525.07 504.00 83798 125
536.01 503.56 83823 125
553.76 503.44 83849 125
572.88 504.00 83875 125
587.82 504.00 83901 125
591.81 504.00 83927 125
589.00 504.00 83953 125
587.69 504.00 83979 125
582.50 504.00 84005 125
572.74 504.00 84031 125
559.87 504.00 84057 125
545.87 504.00 84083 125
533.62 504.00 84109 125
525.37 504.00 84135 125
521.12 504.00 84161 125
519.56 504.00 84187 125
519.00 504.44 84213 125
521.19 504.56 84239 125
530.57 504.44 84265 125
547.32 505.00 84291 125
566.32 504.56 84317 125
583.57 504.00 84343 125
591.12 504.00 84369 125
589.56 504.00 84396 125
588.56 504.00 84421 125
585.37 504.00 84447 125
576.31 504.00 84473 125
563.74 504.00 84499 125
551.31 504.00 84525 125
538.31 504.00 84551 125
527.06 504.00 84577 125
520.69 504.00 84603 125
519.44 504.00 84629 125
519.56 504.00 84655 125
519.88 504.00 84681 125
526.69 504.00 84707 125
541.88 504.00 84733 125
559.88 504.00 84759 125
577.45 504.00 84785 125
589.63 504.00 84811 125
590.81 504.00 84837 125
588.44 504.00 84864 125
587.25 504.00 84889 125
580.18 504.00 84915 125
569.62 504.00 84941 125
557.87 504.00 84967 125
544.31 504.00 84994 125
532.62 504.00 85019 125
523.93 504.00 85045 125
520.00 504.00 85071 125
520.44 504.00 85097 125
521.44 504.00 85123 125
524.63 504.00 85149 125
534.13 504.00 85175 125
550.32 504.44 85201 125
569.32 504.56 85227 125
586.57 504.00 85253 125
594.12 504.00 85279 125
592.12 504.00 85305 125
589.69 504.00 85331 125
584.93 504.00 85357 125
575.74 504.00 85383 125
563.74 504.00 85409 125
551.31 504.00 85435 125
538.74 504.00 85462 125
528.06 504.44 85487 125
521.69 504.56 85513 125
520.44 504.00 85539 125
521.00 504.00 85565 125
522.31 504.00 85591 125
528.82 504.00 85617 125
542.88 504.00 85643 125
560.45 504.00 85669 125
577.88 504.00 85695 125
591.07 504.00 85721 125
593.25 504.00 85747 125
590.56 504.00 85773 125
587.81 503.56 85799 125
580.62 503.44 85825 125
570.18 504.00 85851 125
557.87 504.00 85877 125
544.31 504.00 85903 125
532.62 504.00 85929 125
524.37 504.44 85955 125
520.56 504.56 85981 125
520.44 504.00 86007 125
521.00 504.00 86033 125
524.07 504.00 86060 125
534.13 503.56 86085 125
549.88 503.44 86111 125
568.32 504.00 86137 125
586.01 504.00 86163 125
593.69 504.00 86189 125
591.12 504.00 86215 125
588.25 504.00 86241 125
583.81 504.00 86267 125
575.74 504.00 86293 125
563.31 504.00 86319 125
550.74 504.00 86345 125
537.87 504.44 86371 125
526.06 504.56 86397 125
520.56 504.00 86423 125
520.44 504.00 86449 125
521.00 504.00 86475 125
521.44 504.00 86501 125
526.82 504.00 86528 125
540.88 504.00 86553 125
559.32 504.00 86579 125
577.45 504.00 86605 125
589.63 504.00 86631 125
591.25 504.00 86658 125
589.00 504.00 86683 125
587.25 504.00 86709 125
581.06 504.00 86735 125
570.31 504.00 86761 125
557.74 504.00 86787 125
544.87 503.56 86813 125
531.74 503.44 86839 125
523.25 504.00 86865 125
521.00 504.44 86891 125
522.31 504.56 86917 125
524.00 504.44 86943 125
526.63 504.56 86969 125
536.13 504.00 86995 125
552.76 504.00 87021 125
572.32 504.00 87047 125
588.69 504.00 87073 125
593.81 504.00 87099 125
591.00 504.00 87126 125
588.37 504.00 87151 125
582.37 504.00 87177 125
573.74 504.00 87203 125
562.62 504.00 87229 125
550.87 504.00 87255 125
537.31 504.00 87281 125
525.62 504.44 87307 125
519.56 504.12 87333 125
520.31 503.44 87359 125
522.44 504.00 87385 125
524.31 504.00 87411 125
531.26 504.00 87437 125
546.32 504.00 87463 125
565.76 504.00 87489 125
585.76 504.00 87515 125
594.81 504.00 87541 125
591.12 504.00 87567 125
588.69 504.00 87593 125
584.81 504.00 87619 125
577.62 504.44 87645 125
566.31 504.56 87671 125
552.87 504.00 87697 125
539.74 504.00 87724 125
528.62 504.00 87749 125
521.25 504.00 87775 125
519.44 504.00 87801 125
520.00 504.44 87827 125
521.31 504.56 87853 125
527.82 504.00 87879 125
541.45 504.00 87905 125
559.32 504.00 87931 125
577.88 504.00 87957 125
590.19 504.00 87983 125
591.69 504.00 88009 125
589.12 503.56 88035 125
586.69 503.44 88061 125
580.62 504.00 88087 125
570.18 504.00 88113 125
558.31 504.00 88139 125
545.31 504.00 88165 125
532.74 504.00 88192 125
523.37 504.00 88217 125
520.44 504.00 88243 125
522.31 504.00 88269 125
524.44 504.00 88295 125
528.07 504.00 88322 125
539.45 504.00 88347 125
557.32 504.00 88373 125
576.32 504.00 88399 125
590.50 504.88 88425 126
593.25 504.69 88451 125
590.56 503.44 88477 125
587.81 503.56 88503 125
581.93 503.44 88529 125
572.31 504.00 88555 125
559.31 504.00 88581 125
545.87 504.44 88607 125
533.18 504.56 88633 125
523.93 504.00 88659 125
520.44 504.00 88685 125
521.44 504.00 88711 125
522.88 504.00 88737 125
526.19 504.00 88763 125
535.57 504.00 88790 125
553.20 504.00 88815 125
573.32 504.00 88841 125
589.26 504.00 88867 125
594.69 504.00 88893 125
591.69 504.00 88919 125
588.25 504.00 88945 125
583.37 504.00 88971 125
574.74 504.00 88997 125
562.74 504.00 89023 125
549.87 503.56 89049 125
536.31 503.44 89075 125
525.06 504.00 89101 125
519.56 504.00 89127 125
519.88 503.56 89153 125
521.44 503.00 89179 125
523.75 503.44 89205 125
532.57 503.56 89231 125
549.32 503.44 89257 125
568.76 504.00 89283 125
586.57 504.00 89309 125
593.25 504.00 89335 125
590.56 504.00 89361 125
589.12 504.44 89388 125
585.81 504.56 89413 125
577.31 504.00 89439 125
564.31 504.00 89465 125
550.87 504.00 89491 125
537.74 504.00 89517 125
526.62 504.00 89543 125
520.56 504.00 89569 125
520.44 504.00 89595 125
521.44 504.00 89621 125
523.31 504.00 89647 125
530.69 503.56 89673 125
546.76 503.44 89699 125
566.32 504.00 89725 125
584.45 504.00 89751 125
593.56 504.00 89777 125
591.69 504.44 89803 125
589.12 504.56 89829 125
585.37 504.00 89856 125
577.62 504.00 89881 125
566.31 504.44 89907 125
553.31 504.56 89933 125
540.31 504.00 89959 125
528.62 504.00 89986 125
521.25 504.00 90011 125
519.44 504.00 90037 125
520.44 504.44 90063 125
521.88 504.56 90089 125
528.26 504.00 90115 125
543.32 504.44 90141 125
562.76 504.56 90167 125
580.57 503.56 90193 125
590.75 503.44 90219 125
591.25 504.00 90245 125
589.44 504.00 90271 125
587.81 504.00 90297 125
580.18 504.00 90323 125
568.31 504.44 90349 125
555.31 504.56 90375 125
541.87 504.00 90401 125
530.06 504.00 90427 125
522.81 504.00 90454 125
520.44 504.00 90479 125
521.00 504.00 90505 125
521.88 504.00 90531 125
527.82 504.00 90557 125
541.88 504.00 90583 125
560.32 504.44 90609 125
578.45 504.56 90635 125
590.63 504.00 90661 125
592.25 504.44 90687 125
589.56 504.56 90713 125
586.81 504.00 90739 125
580.06 504.00 90765 125
570.18 503.56 90791 125
557.87 503.88 90817 125
543.87 504.56 90843 125
530.74 504.00 90869 125
521.81 504.00 90895 125
519.88 504.00 90921 125
521.44 504.44 90947 125
522.44 504.56 90973 125
526.94 503.56 90999 125
539.45 503.44 91025 125
557.76 504.00 91052 125
576.45 504.00 91077 125
589.50 504.00 91103 125
592.25 504.00 91129 125
590.00 504.00 91155 125
588.25 504.00 91181 125
582.06 504.00 91207 125
571.31 504.00 91233 125
558.31 504.00 91259 125
544.87 504.00 91285 125
531.74 504.00 91311 125
522.37 504.00 91337 125
519.44 504.00 91363 125
521.75 504.00 91389 125
523.12 504.00 91415 125
525.50 504.00 91441 125
537.45 504.44 91467 125
555.76 504.56 91493 125
574.88 504.00 91520 125
589.38 504.44 91545 125
593.69 504.56 91571 125
591.12 503.56 91597 125
588.69 503.44 91623 125
583.06 504.00 91650 125
572.31 504.00 91675 125
559.31 504.00 91701 125
545.43 504.00 91727 125
532.18 504.00 91753 125
522.93 504.00 91779 125
519.44 504.00 91805 125
520.00 504.00 91831 125
520.44 504.00 91857 125
524.07 504.00 91883 125
535.88 504.00 91909 125
554.76 504.00 91935 125
573.88 504.00 91961 125
588.82 504.00 91987 125
593.25 503.56 92013 125
590.56 503.44 92039 125
588.25 504.00 92065 125
582.50 504.00 92091 125
572.31 504.00 92118 125
559.74 504.00 92143 125
546.87 504.00 92169 125
534.18 504.00 92195 125
524.06 504.44 92221 125
519.44 504.56 92247 125
520.00 504.00 92273 125
520.88 504.00 92299 125
524.63 504.00 92325 125
535.45 504.00 92351 125
553.76 504.00 92377 125
572.88 504.00 92403 125
588.69 503.56 92429 125
594.25 503.44 92455 125
591.12 504.00 92481 125
588.69 504.00 92507 125
583.06 504.00 92533 125
572.74 503.56 92559 125
560.31 503.44 92585 125
546.43 504.00 92611 125
533.18 504.00 92637 125
523.50 504.00 92663 125
519.00 504.00 92689 125
519.44 503.56 92716 125
520.44 503.44 92741 125
523.63 504.00 92767 125
534.45 504.00 92793 125
552.76 504.00 92819 125
571.45 504.00 92845 125
587.57 504.00 92871 125
593.81 503.56 92897 125
591.00 503.44 92923 125
589.25 504.00 92949 125
583.50 504.00 92975 125
573.31 504.44 93001 125
560.31 504.56 93027 125
546.43 504.00 93053 125
533.18 504.00 93079 125
523.50 504.00 93105 125
519.44 503.56 93131 125
520.00 503.44 93157 125
520.44 504.00 93184 125
523.63 504.00 93209 125
534.01 504.00 93235 125
551.76 504.00 93261 125
571.32 504.00 93287 125
587.69 504.00 93314 125
593.25 504.00 93339 125
590.12 504.00 93365 125
588.56 504.00 93391 125
583.62 504.00 93417 125
572.31 504.00 93443 125
559.31 504.00 93469 125
545.43 504.00 93495 125
532.18 504.00 93521 125
522.50 504.00 93547 125
518.44 504.00 93573 125
519.44 504.00 93599 125
520.00 504.00 93625 125
522.63 504.00 93651 125
533.01 504.00 93677 125
550.76 504.00 93703 125
570.32 503.56 93729 125
587.13 503.44 93755 125
593.25 504.00 93782 125
591.00 504.00 93807 125
589.69 504.00 93833 125
583.18 504.00 93859 125
571.31 504.44 93885 125
558.74 504.56 93911 125
544.99 504.00 93937 125
530.74 504.00 93963 125
520.50 504.44 93989 125
516.44 504.12 94015 125
517.44 503.44 94041 125
518.00 504.00 94067 125
520.19 504.00 94093 125
530.01 504.00 94119 125
547.76 504.00 94145 125
567.32 504.00 94171 125
584.57 504.00 94197 125
591.25 504.00 94223 125
588.56 504.00 94249 125
587.12 504.00 94275 125
582.06 504.00 94301 125
570.87 504.00 94327 125
557.31 504.00 94353 125
543.87 504.00 94380 125
531.18 504.00 94405 125
521.06 504.00 94431 125
516.00 504.00 94457 125
516.44 504.00 94483 125
517.44 504.00 94509 125
519.75 504.00 94535 125
528.57 504.00 94561 125
545.76 504.00 94587 125
564.88 504.00 94613 125
582.01 504.00 94639 125
590.12 504.00 94665 125
588.56 504.00 94691 125
586.69 504.00 94717 125
581.50 504.00 94743 125
571.31 503.56 94769 125
558.74 503.44 94795 125
545.43 503.56 94821 125
531.74 503.44 94848 125
521.06 504.00 94873 125
515.56 504.00 94899 125
515.44 504.00 94925 125
516.00 504.00 94951 125
517.75 504.00 94978 125
527.01 504.00 95003 125
543.88 504.00 95029 125
562.32 504.00 95055 125
580.45 504.00 95081 125
589.56 504.00 95107 125
588.56 504.00 95133 125
586.69 504.00 95159 125
581.06 504.00 95185 125
570.31 504.00 95211 125
558.18 504.00 95237 125
544.99 504.00 95263 125
530.74 504.00 95289 125
520.06 504.00 95315 125
514.56 504.00 95341 125
514.44 504.00 95367 125
515.44 504.44 95393 125
517.31 505.00 95419 125
525.13 504.56 95446 125
541.32 504.00 95471 125
559.88 504.00 95497 125
577.88 504.00 95523 125
588.00 504.00 95549 125
586.69 504.00 95575 125
585.00 504.00 95601 125
581.06 504.00 95627 125
570.31 504.00 95653 125
557.31 504.44 95679 125
543.87 505.00 95705 125
529.87 505.00 95731 125
518.50 505.00 95757 125
515.31 505.00 95783 125
515.69 505.00 95809 125
514.44 505.00 95835 125
515.88 505.00 95861 125
523.13 505.00 95887 125
539.32 505.00 95913 125