529.45 522.00 98774 130
549.51 522.44 98799 130
571.76 523.00 98825 130
585.63 523.44 98851 130
587.69 524.00 98877 130
584.25 524.00 98903 130
575.87 524.44 98929 130
561.43 525.00 98955 130
545.55 525.44 98981 130
528.99 526.00 99007 130
516.50 526.00 99033 130
512.44 526.00 99059 130
513.88 526.44 99085 130
516.75 527.00 99111 130
523.82 527.00 99137 130
539.20 527.44 99163 130
560.63 527.56 99189 130
581.76 527.44 99215 130
590.81 527.12 99241 130
586.69 526.44 99267 130
581.50 527.00 99293 130
569.12 527.00 99319 130
551.99 527.00 99345 130
535.99 527.44 99372 130
521.31 527.56 99397 130
513.56 527.00 99423 130
513.88 527.00 99449 130
516.31 526.56 99475 130
521.07 526.44 99501 130
531.57 527.44 99527 130
550.95 527.56 99553 130
573.32 527.00 99579 130
586.63 527.00 99605 130
588.25 527.00 99631 130
584.25 527.00 99657 130
574.55 527.00 99683 130
557.55 527.00 99709 130
541.43 527.44 99735 130
526.43 527.56 99761 130
515.37 527.00 99787 130
512.88 527.00 99813 130
514.88 527.44 99840 130
517.75 527.56 99865 130
526.13 527.00 99891 130
543.64 527.00 99917 130
565.64 527.00 99943 130
584.13 527.00 99970 130
589.81 527.00 99995 130
585.69 527.44 100021 130
578.31 528.00 100048 130
563.55 528.00 100075 130
546.12 527.56 100103 130
528.99 527.00 100129 130
516.50 527.00 100156 130
512.44 527.00 100184 130
514.31 527.00 100210 130
517.75 527.00 100238 130
526.57 527.00 100264 130
545.07 527.44 100291 130
568.07 527.56 100319 130
584.94 527.00 100345 130
588.25 527.44 100373 130
584.69 527.56 100400 130
575.99 526.56 100426 130
559.55 526.44 100454 130
542.55 527.00 100481 130
526.43 527.00 100508 130
515.37 527.44 100535 130
512.88 528.00 100561 130
514.88 527.56 100589 130
518.63 527.44 100616 130
528.57 527.56 100643 130
547.51 527.00 100670 130
570.63 527.00 100697 130
585.63 527.00 100724 130
587.25 527.00 100751 130
583.25 527.00 100779 130
573.55 527.00 100805 130
556.99 527.00 100832 130
540.55 527.00 100859 130
524.43 527.00 100886 130
514.25 527.00 100914 130
512.88 527.44 100940 130
514.44 527.56 100968 130
518.50 527.00 100995 130
530.45 527.00 101021 130
550.95 527.00 101049 130
574.20 527.00 101075 130
586.88 527.00 101103 130
587.12 527.00 101130 130
583.37 527.00 101156 130
572.12 527.00 101184 130
554.99 527.00 101211 130
538.55 527.00 101238 130
522.43 527.00 101265 130
513.12 527.00 101292 130
512.88 527.00 101319 130
514.88 527.00 101346 130
519.50 527.00 101373 130
532.32 527.00 101400 130
553.51 527.00 101427 130
576.20 527.00 101454 130
587.56 527.00 101481 130
586.56 527.00 101509 130
582.06 527.00 101535 130
569.12 527.00 101562 130
551.99 527.00 101590 130
535.99 527.44 101616 130
520.43 527.56 101644 130
512.44 527.00 101670 130
513.44 527.00 101697 130
515.31 527.00 101725 130
521.82 527.00 101751 130
536.32 527.00 101779 130
557.07 527.00 101806 130
579.20 527.00 101833 130
588.81 527.00 101860 130
585.12 527.00 101886 130
579.62 527.00 101914 130
566.12 527.00 101941 130
549.43 527.00 101968 130
533.12 527.00 101995 130
518.18 527.44 102022 130
512.88 527.56 102049 130
514.88 527.44 102076 130
517.75 527.56 102104 130
524.82 527.00 102130 130
540.20 527.00 102157 130
561.20 527.44 102184 130
580.88 527.56 102211 130
588.81 527.00 102239 130
584.25 527.00 102265 130
577.18 527.00 102292 130
563.55 527.00 102320 130
546.12 527.00 102346 130
528.99 527.00 102374 130
516.50 527.00 102401 130
512.00 527.00 102427 130
512.88 527.44 102455 130
516.63 527.56 102481 130
525.69 527.00 102509 130
543.07 527.00 102536 130
565.64 527.44 102562 130
583.69 527.56 102590 130
589.25 527.00 102617 130
584.37 527.00 102644 130
574.43 527.00 102671 130
558.99 527.00 102699 130
542.55 527.00 102725 130
526.43 527.44 102752 130
515.37 527.56 102779 130
512.88 527.00 102806 130
514.88 527.00 102834 130
519.07 527.00 102860 130
529.57 527.00 102887 130
548.95 527.44 102915 130
572.20 527.56 102941 130
586.63 527.44 102969 130
587.81 527.56 102995 130
582.37 527.00 103022 130
572.43 527.00 103050 130
556.55 527.00 103076 130
539.99 527.00 103104 130
524.43 527.00 103131 130
514.69 527.00 103157 130
513.44 527.00 103185 130
515.75 527.44 103212 130
521.50 527.56 103239 130
533.88 527.44 103266 130
554.51 527.56 103292 130
578.51 527.00 103320 130
590.25 527.00 103347 130
586.25 527.00 103374 130
581.37 527.44 103401 130
570.55 527.56 103428 130
552.68 527.00 103455 130
534.55 527.44 103482 130
520.62 527.56 103510 130
515.00 527.00 103536 130
515.44 527.00 103564 130
517.75 527.00 103590 130
524.82 527.00 103617 130
540.20 527.00 103645 130
562.51 527.00 103671 130
581.69 527.00 103699 130
588.56 527.00 103726 130
586.25 527.00 103752 130
580.06 527.00 103780 130
566.68 527.00 103806 130
548.12 527.00 103834 130
530.99 527.00 103861 130
518.93 527.44 103887 130
515.00 528.00 103915 130
516.31 527.56 103942 130
519.75 527.00 103969 130
528.13 527.00 103996 130
546.95 527.44 104023 130
571.07 527.56 104050 130
588.38 527.00 104077 130
591.37 527.00 104104 130
585.81 527.00 104131 130
577.31 527.00 104158 130
562.12 527.00 104185 130
544.12 527.00 104212 130
527.87 527.44 104240 130
518.25 527.56 104266 130
516.44 527.00 104293 130
517.88 527.00 104321 130
521.63 527.00 104347 130
532.01 527.00 104375 130
552.39 527.00 104401 130
576.64 527.00 104429 130
590.31 527.00 104456 130
590.25 527.00 104482 130
585.37 527.00 104510 130
574.99 527.00 104537 130
558.12 527.44 104564 130
540.55 527.56 104591 130
524.87 527.00 104617 130
516.56 527.00 104645 130
516.88 527.00 104672 130
518.88 527.00 104699 130
523.07 527.00 104726 130
535.76 527.44 104753 130
557.95 527.12 104780 130
582.07 526.00 104807 130
592.81 525.56 104835 130
589.56 525.44 104861 130
585.93 525.12 104888 130