474.44 483.44 58473 120
474.56 484.00 58499 120
474.00 483.56 58525 120
474.44 483.44 58551 120
478.50 484.00 58577 120
489.13 484.00 58603 120
503.57 484.00 58629 120
519.01 484.00 58655 120
532.82 484.00 58681 120
543.82 484.00 58707 120
548.69 484.00 58733 120
546.12 484.44 58759 120
544.56 484.12 58785 120
543.56 483.44 58811 120
541.25 484.00 58838 120
535.06 484.44 58863 120
524.31 484.12 58889 120
513.06 483.00 58915 120
504.50 483.44 58941 120
496.06 484.00 58967 120
487.93 484.44 58993 120
480.93 484.56 59019 120
476.12 484.00 59045 120
474.56 484.00 59071 120
474.44 484.44 59097 120
475.00 484.56 59123 120
475.00 484.44 59149 120
478.07 484.56 59175 120
488.13 484.00 59201 120
503.01 484.00 59227 120
519.01 484.00 59253 120
533.69 484.00 59279 120
544.94 484.44 59305 120
548.69 484.56 59331 120
546.12 484.00 59357 120
544.56 484.00 59383 120
543.12 484.00 59409 120
540.69 484.00 59436 120
534.18 484.00 59461 120
522.74 484.00 59487 120
512.50 484.00 59513 120
504.50 483.56 59539 120
496.06 483.44 59565 120
487.50 484.00 59591 120
480.37 484.00 59617 120
475.69 484.00 59643 120
474.00 484.00 59669 120
474.00 484.00 59695 120
474.00 484.00 59721 120
474.44 484.00 59747 120
478.50 484.00 59773 120
489.13 484.00 59799 120
504.01 484.00 59825 120
519.57 484.00 59851 120
533.69 484.00 59877 120
544.94 484.00 59904 120
549.12 484.44 59929 120
546.69 484.56 59955 120
544.12 484.44 59981 120
542.56 484.56 60007 120
540.25 484.44 60034 120
533.62 484.56 60059 120
522.74 484.00 60085 120
512.06 484.00 60111 120
503.50 484.00 60137 120
495.50 484.00 60163 120
486.18 484.00 60189 120
478.69 484.00 60215 120
476.12 484.44 60241 120
474.56 485.00 60267 120
474.44 484.56 60293 120
475.00 484.00 60319 120
475.00 484.44 60345 120
478.94 484.56 60371 120
491.01 484.00 60397 120
506.57 484.00 60423 120
522.01 484.00 60449 120
536.69 484.44 60475 120
547.07 484.56 60502 120
549.25 484.44 60527 120
545.69 484.56 60553 120
543.56 484.00 60579 120
542.56 484.00 60605 120
539.81 484.00 60631 120
532.18 484.00 60657 120
521.18 483.56 60683 120
511.06 483.44 60709 120
502.50 484.00 60735 120
494.06 484.44 60761 120
485.93 484.56 60787 120
478.93 484.44 60813 120
475.00 484.56 60839 120
475.00 484.00 60865 120
475.00 484.00 60891 120
475.00 484.00 60917 120
475.44 484.00 60943 120
480.82 484.00 60969 120
493.57 484.00 60995 120
509.01 484.00 61021 120
525.01 484.00 61047 120
539.69 484.00 61073 120
548.31 484.44 61100 120
549.12 484.56 61125 120
546.69 484.00 61151 120
545.00 484.00 61177 120
544.12 484.00 61203 120
540.81 484.00 61229 120
533.18 484.00 61255 120
521.74 484.44 61281 120
511.50 484.56 61307 120
503.06 484.00 61333 120
494.06 484.00 61359 120
485.93 484.00 61385 120
479.81 484.00 61411 120
476.12 484.00 61437 120
475.00 484.00 61463 120
475.44 484.00 61489 120
476.00 484.00 61515 120
477.31 484.44 61541 120
483.82 484.56 61568 120
497.01 484.00 61593 120
512.13 484.00 61619 120
527.01 484.00 61645 120
540.82 484.00 61671 120
548.31 484.00 61698 120
549.56 484.00 61723 120
547.69 484.88 61749 121
545.12 485.12 61775 120
543.12 484.00 61801 120
539.81 484.00 61827 120
532.18 484.00 61853 120
521.18 484.44 61879 120
510.62 485.00 61905 120
501.50 484.56 61931 120
493.06 484.44 61957 120
484.93 484.56 61983 120
478.81 484.44 62009 120
476.44 485.00 62035 120
477.00 485.00 62061 120
476.56 484.56 62087 120
476.44 484.44 62113 120
478.75 484.56 62139 120
487.13 484.00 62166 120
501.57 484.00 62191 120
517.01 484.00 62217 120
532.13 484.00 62243 120
544.38 483.56 62269 120
549.56 483.44 62295 120
549.00 484.00 62321 120
547.69 484.00 62347 120
545.12 484.44 62373 120
543.12 484.56 62399 120
538.50 484.00 62425 120
528.74 484.00 62451 120
517.18 484.00 62477 120
507.50 484.00 62503 120
499.50 484.00 62529 120
491.50 484.00 62555 120
483.50 484.00 62581 120
477.69 484.88 62607 121
476.00 485.12 62633 120
476.00 484.00 62659 120
476.00 484.44 62685 120
476.00 484.56 62711 120
479.50 483.56 62737 120
490.13 483.44 62764 120
505.01 484.00 62789 120
521.45 484.00 62815 120
536.69 484.00 62841 120
546.63 484.00 62867 120
549.56 483.56 62893 120
548.12 483.44 62919 120
546.12 484.00 62945 120
544.56 484.00 62971 120
542.25 484.44 62997 120
536.06 484.56 63023 120
525.31 484.00 63049 120
514.06 483.56 63075 120
505.50 483.44 63101 120
497.06 484.44 63127 120
488.50 484.56 63153 120
481.37 484.00 63179 120
477.12 484.00 63205 120
476.00 483.56 63232 120
476.00 483.88 63257 120
476.00 484.56 63283 120
476.44 484.00 63309 120
481.38 484.00 63335 120
493.13 484.00 63362 120
508.01 484.00 63387 120
523.57 484.00 63413 120
537.69 484.00 63439 120
547.19 484.00 63465 120
549.12 484.00 63491 120
546.69 484.00 63517 120
544.56 484.00 63543 120
543.12 484.00 63569 120
540.25 484.44 63595 120
533.18 485.00 63621 120
521.74 484.56 63647 120
511.06 484.00 63673 120
502.06 484.00 63699 120
493.50 484.00 63725 120
485.93 484.00 63751 120
479.37 484.00 63777 120
475.56 484.00 63803 120
475.00 483.56 63830 120
475.44 483.44 63855 120
475.56 484.00 63881 120
475.88 484.00 63907 120
482.69 484.00 63933 120
496.57 484.00 63959 120
511.57 484.00 63985 120
527.01 484.00 64011 120
540.82 484.00 64037 120
547.00 484.00 64063 120
547.00 484.00 64089 120
546.12 484.00 64115 120
544.56 484.00 64141 120
543.12 484.00 64167 120
539.37 484.00 64193 120
530.31 484.00 64219 120
518.18 484.00 64245 120
508.50 484.00 64271 120
500.50 484.00 64297 120
492.50 484.00 64323 120
484.50 484.00 64349 120
477.81 484.00 64375 120
475.00 484.44 64401 120
475.00 484.56 64428 120
475.00 484.00 64453 120
475.00 484.00 64479 120
476.31 484.00 64505 120
484.13 484.00 64531 120
498.57 484.00 64557 120
514.01 484.00 64583 120
529.13 484.00 64609 120
541.82 484.00 64635 120
547.56 484.00 64661 120
547.00 484.44 64687 120
546.12 484.56 64713 120
544.12 484.00 64739 120
542.12 484.00 64765 120
537.50 484.00 64791 120
527.74 484.44 64817 120
517.06 484.56 64843 120
508.50 484.00 64869 120
500.06 484.00 64896 120
491.06 484.44 64921 120
483.37 484.56 64947 120
477.81 484.00 64973 120
475.00 484.00 64999 120
475.00 484.44 65026 120
475.00 484.56 65051 120
475.00 484.00 65077 120
477.63 484.00 65103 120
486.69 484.44 65129 120
500.13 484.56 65155 120
515.01 483.56 65181 120
530.13 483.44 65207 120
542.82 484.00 65233 120
548.56 484.00 65259 120
547.12 484.00 65285 120
545.12 484.00 65311 120
542.25 484.44 65337 120
539.56 484.56 65363 120
535.93 484.00 65389 120
526.74 484.00 65415 120
515.62 484.00 65441 120
506.50 484.00 65467 120
498.06 484.00 65494 120
489.06 484.00 65519 120
481.81 484.00 65545 120
477.25 484.00 65571 120
475.00 484.00 65597 120
475.00 484.00 65623 120
475.00 484.00 65649 120
475.44 484.44 65675 120
478.63 484.56 65701 120
488.13 484.00 65727 120
503.01 484.00 65753 120
519.01 484.44 65779 120
533.69 484.56 65805 120
544.50 484.00 65831 120
548.56 484.00 65857 120
548.00 484.00 65883 120
546.69 484.00 65909 120
544.56 484.44 65935 120
543.12 485.00 65961 120
538.06 484.56 65987 120
527.31 484.00 66013 120
516.06 484.00 66039 120
507.50 484.00 66065 120
499.50 484.00 66092 120
491.06 484.00 66117 120
483.37 484.00 66143 120
478.25 484.00 66169 120
476.00 484.00 66195 120
475.56 484.00 66221 120
475.44 484.00 66247 120
476.00 484.00 66273 120
478.63 483.56 66299 120
488.13 483.44 66325 120
503.01 484.00 66351 120
518.57 484.44 66377 120
533.13 484.56 66403 120
544.50 484.00 66429 120
548.12 484.00 66455 120
547.00 484.00 66481 120
545.69 484.00 66507 120
544.00 484.44 66533 120
542.69 485.00 66560 120
537.50 484.56 66585 120
526.87 484.00 66611 120
515.06 484.00 66637 120
506.93 484.00 66663 120
499.06 483.56 66690 120
490.06 483.44 66715 120
482.37 484.00 66741 120
477.25 484.88 66767 121
475.00 484.69 66793 120
475.00 483.44 66819 120
475.00 484.00 66845 120
475.00 484.00 66871 120
477.63 484.00 66897 120
487.13 484.00 66923 120
502.01 484.44 66949 120
518.01 484.56 66975 120
533.13 484.00 67001 120
544.07 484.00 67027 120
547.56 484.00 67053 120
547.00 483.56 67079 120
545.69 483.44 67105 120
543.56 484.00 67131 120
541.69 484.00 67158 120
536.06 484.00 67183 120
525.31 484.00 67209 120
514.50 484.00 67235 120
506.50 484.00 67261 120
498.50 484.00 67287 120
490.06 484.00 67313 120
482.37 484.00 67339 120
477.25 484.00 67365 120
475.00 484.00 67391 120
475.00 484.00 67417 120
475.00 484.00 67443 120
475.00 484.00 67469 120
478.07 484.00 67495 120
488.13 484.44 67521 120
503.01 484.56 67547 120
519.01 484.00 67573 120
533.69 484.00 67599 120
544.07 484.00 67625 120
547.12 484.00 67651 120
546.44 484.00 67677 120
545.69 484.00 67703 120
543.56 484.00 67729 120
541.69 484.00 67756 120
535.62 484.00 67781 120
524.74 484.00 67807 120
514.06 484.00 67833 120
505.50 484.00 67859 120
497.06 484.44 67885 120
488.50 484.56 67911 120
481.37 484.00 67937 120
476.69 484.00 67963 120
475.00 484.44 67989 120
475.00 484.56 68015 120
475.00 484.00 68041 120
475.00 484.00 68067 120
478.50 484.00 68093 120
489.57 484.00 68119 120
505.01 484.44 68145 120
520.57 484.56 68171 120
534.69 484.00 68197 120
545.07 484.00 68224 120
548.12 484.00 68249 120
546.12 484.00 68275 120
544.56 484.00 68301 120
543.56 484.00 68327 120
541.69 484.00 68354 120
535.62 484.00 68379 120
524.74 484.00 68405 120
514.06 484.00 68431 120
505.50 484.00 68457 120
497.06 484.00 68483 120
488.50 484.00 68509 120
481.37 484.00 68535 120
476.69 484.00 68561 120
475.00 483.56 68587 120
475.00 483.44 68613 120
475.00 484.00 68639 120
475.00 483.56 68665 120
478.50 483.44 68691 120
489.13 484.00 68717 120
504.45 484.00 68743 120
520.57 483.56 68769 120
534.69 483.44 68795 120
545.07 484.00 68822 120
548.12 484.00 68847 120
546.56 484.00 68873 120
545.12 484.00 68899 120
543.56 484.44 68925 120
541.25 484.56 68951 120
535.50 484.00 68977 120
525.31 484.00 69003 120
514.06 484.44 69029 120
505.06 484.56 69055 120
496.50 484.00 69081 120
488.50 483.56 69107 120
481.37 483.44 69133 120
476.69 484.44 69159 120
475.00 484.56 69185 120
475.00 484.00 69211 120
475.00 484.00 69237 120
475.00 484.44 69263 120
478.07 484.56 69289 120
488.13 484.00 69315 120
503.01 484.00 69341 120
519.45 484.00 69367 120
534.69 483.56 69393 120
544.63 483.44 69420 120
547.12 484.44 69445 120
545.56 484.56 69471 120
544.56 483.56 69497 120
543.12 483.44 69523 120
541.12 484.00 69549 120
536.06 484.00 69575 120
525.31 484.00 69601 120
514.06 484.00 69627 120
505.50 484.44 69653 120
497.50 484.56 69679 120
489.50 484.00 69705 120
481.93 484.00 69731 120
476.25 483.56 69757 120
474.00 483.44 69783 120
474.44 484.00 69809 120
475.00 484.00 69835 120
475.00 484.00 69861 120
477.19 484.00 69888 120
486.13 484.00 69913 120
500.57 484.00 69939 120
516.01 484.00 69965 120
531.57 484.00 69991 120
543.50 483.56 70018 120
547.12 483.44 70043 120
546.00 484.00 70069 120
544.69 484.44 70095 120
543.00 484.56 70121 120
542.12 484.00 70147 120
537.50 484.88 70173 121
527.31 485.12 70199 120
516.50 484.00 70225 120
508.06 484.00 70251 120
499.50 484.00 70277 120
491.06 484.00 70303 120
483.81 484.00 70329 120
478.81 484.00 70355 120
476.00 484.44 70381 120
475.56 484.56 70407 120
475.00 484.00 70433 120
475.44 484.00 70459 120
478.19 484.00 70486 120
487.13 484.00 70511 120
501.57 484.00 70537 120
516.57 484.00 70563 120
530.69 484.00 70589 120
542.82 484.00 70615 120
548.56 484.00 70641 120
547.12 484.00 70667 120
546.00 484.00 70693 120
545.12 484.00 70719 120
542.69 484.00 70745 120
537.93 484.00 70771 120
529.18 484.00 70797 120
518.62 484.44 70823 120
509.06 484.56 70849 120
500.06 483.56 70875 120
491.50 483.88 70901 120
484.37 485.00 70927 120
478.81 484.56 70953 120
475.56 484.00 70979 120
475.00 484.00 71005 120
475.00 484.44 71031 120
475.00 484.56 71057 120
476.75 484.00 71084 120
484.69 484.00 71109 120
499.45 484.44 71135 120
514.69 484.56 71161 120
529.01 484.00 71187 120
542.38 484.00 71213 120
548.00 484.44 71239 120
547.56 485.44 71265 121
546.12 485.56 71291 120
545.00 484.56 71317 120
544.12 484.00 71343 120
539.93 484.00 71369 120
530.74 484.00 71395 120
519.62 484.00 71421 120
510.50 484.00 71447 120
502.50 484.00 71473 120
495.81 484.00 71499 120
489.50 484.44 71525 120
481.93 484.56 71552 120
478.00 484.00 71577 120
478.00 484.00 71603 120
477.12 484.00 71629 120
476.00 484.00 71655 120
476.88 484.00 71682 120
482.82 484.00 71707 120
495.57 484.00 71733 120
510.57 484.00 71759 120
526.01 484.00 71785 120
539.38 484.00 71811 120
546.31 484.00 71837 120
547.12 484.00 71863 120
545.56 484.00 71889 120
544.56 484.44 71915 120
544.00 484.56 71941 120
541.37 484.00 71967 120
533.18 484.00 71993 120
522.18 484.00 72019 120
512.50 484.00 72045 120
504.50 484.00 72071 120
496.50 484.00 72097 120
488.50 484.00 72123 120
480.93 484.00 72150 120
476.12 484.00 72175 120
475.00 484.00 72201 120
475.00 484.44 72227 120
475.00 484.56 72253 120
475.88 484.44 72279 120
479.63 485.00 72305 120
489.13 485.00 72331 120