531.81 461.44 34137 115
526.81 462.44 34163 115
521.81 462.56 34189 115
515.93 462.88 34215 115
510.25 464.00 34241 115
504.06 464.00 34267 115
497.25 464.00 34293 115
492.37 464.00 34319 115
486.81 464.00 34345 115
482.25 464.00 34371 115
478.25 464.44 34397 115
475.12 464.56 34423 115
474.44 464.00 34449 115
475.00 464.00 34476 115
475.00 464.00 34501 115
475.00 464.44 34527 115
476.31 465.00 34553 115
481.07 464.56 34579 115
488.94 464.00 34605 115
498.82 464.00 34631 115
509.38 464.00 34657 115
519.38 464.00 34683 115
528.94 464.00 34709 115
537.50 464.00 34735 115
544.19 464.00 34761 115
547.44 463.56 34787 115
547.56 463.44 34813 115
546.56 464.00 34839 115
546.00 464.00 34865 115
546.44 464.44 34891 115
544.81 464.56 34917 115
538.93 464.44 34944 115
532.37 464.56 34969 115
526.37 464.00 34995 115
520.37 464.00 35021 115
514.81 464.00 35047 115
509.37 464.44 35074 115
502.93 465.00 35099 115
496.37 465.00 35125 115
490.37 465.00 35151 115
484.81 465.00 35177 115
480.25 464.56 35203 115
476.69 464.00 35229 115
475.00 464.44 35255 115
475.00 464.56 35281 115
475.00 464.00 35307 115
475.00 464.00 35333 115
475.00 464.00 35359 115
477.19 464.00 35385 115
483.50 464.00 35411 115
491.94 464.00 35437 115
501.82 464.00 35463 115
512.38 464.00 35489 115
521.94 464.00 35515 115
530.94 464.00 35542 115
539.07 464.00 35567 115
545.19 464.00 35593 115
548.44 464.00 35619 115
548.12 464.44 35645 115
546.56 465.00 35671 115
546.00 464.56 35697 115
545.56 464.00 35723 115
543.25 464.00 35749 115
538.37 464.00 35775 115
531.50 464.44 35801 115
524.37 464.56 35827 115
518.81 464.00 35853 115
513.37 464.00 35879 115
507.37 464.00 35905 115
501.37 464.00 35931 115
495.37 464.00 35957 115
489.37 464.44 35983 115
483.81 464.56 36009 115
479.25 464.00 36035 115
476.12 464.00 36061 115
475.00 464.00 36087 115
475.00 464.00 36113 115
475.00 464.00 36140 115
475.00 464.44 36165 115
475.00 465.00 36191 115
477.19 464.56 36217 115
483.94 464.44 36243 115
493.38 464.56 36269 115
503.38 464.44 36295 115
513.38 464.56 36321 115
523.38 464.00 36347 115
532.50 464.00 36373 115
540.50 464.00 36399 115
547.19 464.00 36425 115
549.12 464.00 36451 115
547.56 464.00 36477 115
546.56 464.00 36503 115
546.00 464.00 36529 115
545.12 464.00 36555 115
541.81 464.00 36581 115
536.37 464.00 36608 115
529.93 464.00 36633 115
523.37 464.44 36659 115
517.81 464.56 36685 115
511.93 464.00 36711 115
505.37 464.00 36738 115
499.37 464.44 36763 115
493.81 464.56 36789 115
488.81 464.00 36815 115
483.81 464.00 36841 115
479.25 464.00 36867 115
476.12 464.00 36893 115
475.00 464.00 36919 115
475.00 464.00 36945 115
475.00 464.00 36971 115
475.00 464.00 36997 115
475.44 464.00 37023 115
478.63 464.00 37049 115
485.94 464.00 37075 115
494.94 464.44 37101 115
504.82 464.56 37127 115
515.38 464.00 37153 115
525.38 464.00 37179 115
534.50 464.00 37206 115
542.07 464.00 37231 115
547.31 464.00 37257 115
548.12 464.00 37283 115
547.00 464.00 37309 115
547.00 464.00 37335 115
546.56 464.44 37361 115
545.12 464.56 37387 115
541.81 464.00 37413 115
535.93 464.44 37439 115
529.37 464.56 37465 115
523.37 464.00 37491 115
517.37 464.00 37517 115
511.81 464.00 37543 115
505.50 464.00 37569 115
498.81 464.00 37595 115
493.37 464.00 37621 115
487.81 464.44 37647 115
483.25 464.56 37673 115
479.25 464.00 37699 115
476.12 464.00 37725 115
475.00 464.00 37751 115
475.00 463.56 37777 115
475.00 463.44 37804 115
475.00 464.00 37829 115
475.88 464.00 37855 115
480.07 464.00 37881 115
487.50 464.00 37907 115
496.38 464.00 37933 115
506.82 464.00 37959 115
517.38 464.88 37985 116
527.38 465.12 38011 115
536.07 464.00 38037 115
542.63 464.00 38063 115
547.31 464.00 38089 115
548.12 464.00 38115 115
547.44 464.44 38141 115
547.12 464.56 38167 115
545.56 464.00 38193 115
543.69 464.44 38219 115
539.37 464.56 38245 115
532.93 463.56 38272 115
526.81 463.44 38297 115
520.93 464.00 38323 115
514.81 464.00 38349 115
509.81 464.00 38375 115
503.93 464.00 38402 115
497.37 464.44 38427 115
491.37 464.56 38453 115
485.81 464.44 38479 115
481.69 464.56 38505 115
477.81 464.00 38531 115
475.00 463.56 38557 115
475.00 463.44 38583 115
475.00 464.00 38609 115
475.00 464.00 38635 115
475.00 464.00 38661 115
476.75 464.00 38687 115
482.50 464.44 38713 115
490.94 464.56 38739 115
500.38 464.00 38765 115
510.38 464.44 38791 115
520.82 464.56 38817 115
530.50 464.00 38843 115
538.94 464.00 38870 115
545.75 464.44 38895 115
548.00 464.56 38921 115
547.56 464.00 38947 115
546.56 464.44 38973 115
546.44 464.56 38999 115
546.12 464.44 39025 115
543.25 464.56 39051 115
537.93 464.00 39077 115
531.37 464.00 39103 115
525.81 464.00 39129 115
520.37 464.00 39155 115
514.37 464.00 39181 115
508.81 464.00 39207 115
502.93 464.00 39233 115
496.37 464.00 39259 115
490.37 464.00 39285 115
484.81 464.44 39311 115
480.25 464.56 39337 115
476.69 464.00 39363 115
475.00 464.44 39389 115
475.00 464.56 39415 115
475.00 464.00 39441 115
475.00 464.00 39468 115
475.00 464.00 39493 115
477.19 464.44 39519 115
483.50 464.56 39545 115
491.94 464.00 39571 115
501.82 464.00 39597 115
511.94 464.00 39623 115
521.82 464.44 39649 115
531.50 465.44 39675 116
539.50 465.12 39701 115
546.19 464.00 39727 115
548.56 464.00 39753 115
547.56 464.00 39779 115
546.56 464.00 39805 115
546.00 464.00 39831 115
545.12 464.00 39857 115
542.25 464.00 39883 115
537.37 464.00 39909 115
530.93 464.00 39936 115
524.37 464.44 39961 115
518.37 464.56 39987 115
512.37 464.00 40013 115
506.37 464.44 40039 115
500.37 464.12 40066 115
494.37 463.44 40091 115
488.81 464.44 40117 115
484.25 465.00 40143 115
479.81 464.56 40169 115
476.12 464.00 40195 115
475.00 464.00 40221 115
475.00 464.00 40247 115
474.56 464.00 40273 115
474.44 464.00 40299 115
475.00 464.00 40325 115
478.07 464.00 40351 115
485.94 464.00 40377 115
494.94 464.00 40403 115
504.38 464.00 40429 115
514.38 464.00 40455 115
523.94 464.00 40481 115
532.50 464.00 40507 115
540.50 464.00 40534 115
547.19 464.00 40559 115
549.12 464.00 40585 115
547.56 464.44 40611 115
546.56 464.56 40637 115
545.56 464.44 40663 115
544.12 464.56 40689 115
540.81 464.00 40715 115
535.37 464.44 40741 115
528.93 464.56 40767 115
522.81 464.00 40793 115
517.37 464.00 40819 115
511.37 464.00 40845 115
504.93 464.44 40871 115
498.37 464.56 40897 115
492.81 464.00 40923 115
487.81 464.00 40949 115
482.81 464.00 40975 115
478.69 464.44 41001 115
476.12 465.00 41027 115
475.00 464.56 41053 115
475.00 464.00 41079 115
475.00 464.00 41105 115
475.00 464.00 41132 115
475.88 464.00 41157 115
480.07 464.44 41183 115
487.94 464.56 41209 115
497.38 464.00 41235 115
507.38 464.00 41261 115
517.38 464.44 41287 115
527.38 465.00 41313 115
536.50 464.56 41339 115
544.07 464.44 41365 115
548.44 464.56 41391 115
548.12 464.00 41417 115
546.56 464.00 41443 115
546.00 464.00 41469 115
546.00 464.00 41495 115
544.69 464.00 41521 115
539.93 464.44 41547 115
533.37 464.56 41573 115
527.37 464.44 41600 115
521.37 465.00 41625 115
515.37 464.56 41651 115
509.37 464.00 41677 115
502.93 464.00 41703 115
496.81 464.00 41730 115
491.37 464.00 41755 115
486.25 464.00 41781 115
482.25 464.00 41807 115
477.81 464.00 41833 115
475.00 464.00 41859 115
475.00 464.00 41885 115
475.00 464.00 41911 115
475.00 464.00 41937 115
475.00 464.00 41963 115
476.75 464.00 41989 115
482.50 464.44 42015 115
491.38 464.56 42041 115
500.94 464.00 42067 115
510.38 464.00 42093 115
520.38 464.44 42119 115
529.94 464.56 42145 115
538.07 464.00 42171 115
544.19 464.00 42198 115
547.44 464.44 42223 115
547.56 464.56 42249 115
547.00 464.00 42275 115
546.12 464.44 42301 115
544.56 464.56 42327 115
542.25 464.00 42353 115
536.93 464.00 42379 115
530.37 464.00 42405 115
524.37 464.00 42431 115
518.37 464.00 42457 115
512.37 464.44 42483 115
506.37 464.56 42509 115
500.37 464.44 42535 115
494.37 465.00 42561 115
488.81 465.00 42587 115
483.37 464.56 42613 115
478.69 464.00 42639 115
476.12 464.00 42665 115
475.00 464.00 42691 115
475.00 464.00 42717 115
475.00 464.00 42743 115
475.44 464.00 42769 115
475.56 464.00 42796 115
478.07 464.00 42821 115
485.94 464.00 42847 115
495.38 464.44 42873 115
505.82 465.00 42899 115
516.38 464.56 42925 115
525.94 464.00 42951 115
534.50 464.00 42977 115
541.63 464.00 43003 115
546.75 464.00 43029 115
548.12 464.00 43055 115
546.56 464.00 43081 115
546.00 464.44 43107 115
546.00 464.56 43133 115
545.12 464.44 43159 115
540.93 464.56 43185 115
534.37 464.00 43211 115
528.37 464.00 43237 115
522.37 464.00 43264 115
516.81 464.00 43289 115
511.37 464.00 43315 115
504.93 464.00 43341 115
498.37 464.00 43367 115
492.37 464.00 43394 115
486.37 464.00 43419 115
481.25 464.00 43445 115
477.25 464.00 43471 115
475.00 464.00 43497 115
475.00 464.00 43523 115
475.00 464.00 43549 115
475.00 464.00 43575 115
475.00 464.44 43601 115
475.88 464.56 43627 115
480.94 464.44 43653 115
489.94 464.56 43679 115
499.38 464.44 43705 115
508.94 464.56 43731 115
518.82 464.00 43757 115
528.50 464.00 43783 115
536.50 464.00 43809 115
543.63 464.00 43835 115
547.88 464.44 43862 115
548.12 465.00 43887 115
547.00 464.56 43913 115
547.00 464.00 43939 115
546.12 464.44 43965 115
543.69 464.56 43991 115
538.93 464.44 44017 115
532.37 464.56 44043 115
526.37 464.00 44069 115
520.37 464.44 44095 115
514.37 465.00 44121 115
508.37 464.56 44147 115
501.93 464.00 44173 115
495.81 464.00 44199 115
490.37 464.44 44225 115
484.37 465.00 44251 115
479.25 465.00 44277 115
476.12 464.56 44303 115
475.00 464.00 44329 115
475.00 464.00 44355 115
475.00 464.00 44381 115
475.00 464.00 44407 115
475.00 464.00 44433 115
476.75 464.44 44460 115
482.94 464.56 44485 115
491.94 464.44 44511 115
501.82 464.56 44537 115
511.94 464.00 44563 115
521.82 464.00 44589 115
531.50 464.00 44615 115
538.63 464.00 44641 115
544.63 464.00 44667 115
548.00 464.00 44693 115
547.56 464.00 44719 115
546.56 464.44 44745 115
546.00 464.56 44771 115
545.12 464.44 44797 115
542.25 464.56 44823 115
536.93 464.00 44849 115
530.37 464.00 44875 115
524.37 464.44 44901 115
517.93 465.00 44928 115
511.81 464.56 44953 115
505.50 464.00 44979 115
498.81 464.00 45005 115
493.37 464.44 45031 115
487.81 464.56 45058 115
482.81 464.00 45083 115
478.25 464.44 45109 115
475.56 464.56 45135 115
475.00 464.00 45161 115
475.00 464.00 45187 115
475.00 464.00 45213 115
475.00 464.44 45239 115
475.00 465.00 45265 115
478.07 464.56 45291 115
485.94 464.00 45317 115
495.38 464.00 45343 115
505.82 464.44 45369 115
516.38 465.00 45395 115
526.38 464.56 45421 115
535.07 464.00 45447 115
541.63 464.44 45473 115
546.75 465.00 45499 115
548.12 464.56 45526 115
546.12 464.44 45551 115
545.00 464.12 45577 115
545.00 463.44 45603 115
544.12 464.00 45629 115
539.93 464.00 45655 115
533.37 464.00 45681 115
527.37 464.44 45707 115
520.93 464.56 45733 115
514.37 464.44 45759 115
508.81 464.56 45785 115
503.37 464.00 45811 115
496.06 464.00 45837 115
489.69 464.00 45863 115
485.37 464.00 45889 115
480.25 464.00 45915 115
476.69 464.44 45941 115
475.00 464.56 45967 115
475.00 464.00 45993 115
475.00 464.00 46019 115
475.00 464.44 46045 115
475.00 464.56 46071 115
475.88 464.00 46097 115
480.94 464.44 46124 115
489.94 464.56 46149 115
499.38 464.00 46175 115
509.38 464.44 46201 115
519.82 464.56 46227 115
529.94 464.00 46253 115
538.07 464.00 46279 115
544.19 464.00 46305 115
546.56 464.00 46331 115
546.44 464.00 46357 115
546.12 464.00 46383 115
545.00 464.00 46409 115
544.56 464.44 46435 115
542.25 464.56 46461 115
536.93 464.00 46487 115
530.37 464.44 46513 115
523.93 464.56 46539 115
517.81 464.00 46565 115
512.37 464.88 46592 116
506.37 465.56 46617 115
500.37 464.56 46643 115
494.37 464.44 46669 115
488.37 464.56 46695 115
482.81 464.44 46722 115
478.69 464.56 46747 115
476.12 464.00 46773 115
475.00 464.44 46799 115
475.00 465.00 46825 115
474.56 464.56 46851 115
474.44 464.44 46877 115
475.00 464.56 46903 115
478.07 464.00 46929 115
485.94 464.00 46955 115
495.38 464.00 46981 115
505.38 464.00 47007 115
514.94 464.00 47033 115
524.38 464.44 47059 115
533.07 465.00 47085 115
539.63 465.00 47111 115
545.19 464.56 47137 115
547.56 464.44 47163 115
547.00 464.56 47190 115
547.00 464.44 47215 115
546.56 464.56 47241 115
544.25 464.00 47267 115
539.37 464.00 47293 115
533.81 464.00 47319 115
528.37 464.00 47345 115
522.37 464.00 47371 115
516.37 464.00 47397 115
510.37 464.00 47423 115
503.93 464.00 47449 115
497.37 464.00 47475 115
491.81 464.00 47501 115
486.81 464.00 47527 115
481.81 464.00 47553 115
477.25 464.44 47579 115
475.00 464.56 47605 115
475.00 464.00 47631 115
475.00 464.00 47657 115
475.00 464.44 47683 115
474.56 465.00 47709 115
475.31 464.56 47735 115
480.07 464.88 47761 116
488.38 465.12 47788 115
498.38 464.00 47813 115
508.38 464.44 47839 115
518.38 465.00 47865 115
527.94 465.00 47891 115
536.50 464.12 47917 115
543.63 463.88 47943 115
548.31 464.56 47969 115
548.69 464.00 47995 115
546.12 464.44 48021 115
545.00 465.00 48047 115
545.00 465.00 48073 115
543.25 464.56 48099 115
538.37 464.00 48125 115
531.93 464.44 48151 115
525.37 464.56 48177 115
519.37 464.00 48203 115
513.37 464.00 48229 115
507.37 464.00 48256 115
501.37 464.00 48281 115
495.81 464.00 48307 115
489.93 463.56 48333 115
483.81 463.88 48359 115
479.25 464.56 48386 115
476.12 464.00 48411 115
475.00 464.00 48437 115
475.00 464.00 48463 115
475.00 464.44 48489 115
475.00 464.56 48515 115
475.00 464.00 48541 115
476.75 464.00 48567 115
482.94 464.00 48593 115
491.94 464.00 48619 115
501.82 464.44 48645 115
511.94 464.56 48671 115
521.38 464.00 48697 115
530.94 464.44 48723 115
538.19 464.56 48749 115
543.19 464.00 48775 115
546.88 464.00 48801 115
547.56 464.00 48827 115
546.56 464.00 48854 115
545.56 464.00 48879 115
544.12 464.00 48905 115
540.81 464.00 48931 115
535.37 464.00 48957 115
529.37 464.44 48983 115
523.37 464.56 49009 115
517.37 464.00 49035 115
510.93 464.44 49061 115
504.37 464.56 49087 115
498.37 464.44 49113 115
492.37 464.56 49139 115
487.25 464.00 49165 115
482.81 464.00 49191 115
477.81 464.00 49217 115
475.00 464.44 49243 115
475.00 464.56 49269 115
475.00 464.44 49295 115
475.00 464.56 49321 115
475.88 464.00 49347 115
476.56 464.00 49373 115
479.94 464.00 49399 115
488.07 464.00 49425 115
496.82 464.00 49452 115
506.94 464.00 49477 115
516.38 464.44 49503 115
526.38 465.00 49529 115
534.63 464.56 49555 115
540.63 464.00 49581 115
546.19 464.00 49607 115
548.56 464.00 49633 115
547.12 464.44 49659 115
545.56 464.56 49685 115
545.00 464.44 49711 115
543.69 464.56 49737 115
538.93 464.00 49763 115
532.37 464.44 49789 115
526.37 464.56 49815 115
519.93 464.44 49841 115
513.81 465.00 49867 115
508.37 464.56 49893 115
501.93 464.44 49920 115
495.81 464.56 49945 115
490.37 464.00 49971 115
484.81 464.44 49997 115
480.25 465.00 50023 115
476.69 464.56 50050 115
475.00 464.44 50075 115
475.00 464.56 50101 115
475.00 464.44 50127 115
475.00 464.56 50153 115
475.00 464.00 50179 115
475.88 464.44 50205 115
480.94 464.56 50231 115
490.82 464.00 50257 115
501.38 464.00 50283 115
511.38 464.00 50309 115
520.94 464.00 50335 115
529.50 464.44 50361 115
535.75 465.00 50387 115
541.07 464.12 50413 115
546.31 463.88 50439 115
547.56 464.56 50465 115
546.56 464.00 50491 115
545.12 464.00 50518 115
543.56 464.44 50543 115
541.25 464.56 50569 115
536.37 464.44 50595 115
529.93 464.56 50621 115
523.37 464.44 50647 115
517.37 465.00 50673 115
511.81 464.12 50699 115
506.81 463.88 50725 115
500.93 464.56 50751 115
494.37 464.00 50777 115
488.37 464.44 50803 115
483.25 465.00 50829 115
479.25 464.56 50855 115
476.12 464.00 50881 115
474.56 464.00 50907 115
474.44 464.88 50933 116
475.00 465.56 50959 115
475.00 465.00 50985 115
475.00 465.00 51011 115
477.19 464.56 51037 115
484.38 464.00 51063 115
494.38 464.44 51089 115
504.82 465.00 51116 115
514.94 464.56 51141 115
523.94 464.00 51167 115
532.50 464.44 51193 115
539.63 465.00 51219 115
544.75 465.00 51245 115
547.44 464.56 51271 115
547.12 464.44 51297 115
545.56 464.56 51323 115
544.56 464.00 51349 115
543.12 464.00 51375 115
539.81 464.44 51401 115
534.37 464.56 51427 115
527.93 464.44 51453 115
521.37 464.56 51479 115
515.37 464.00 51505 115
509.81 464.44 51531 115
503.93 465.00 51557 115
497.37 464.12 51584 115
491.81 463.88 51609 115
486.81 465.00 51635 115
481.81 464.56 51661 115
477.25 464.44 51687 115
475.00 464.56 51714 115
475.00 464.44 51739 115
475.00 464.56 51765 115
475.00 464.00 51791 115
475.00 464.44 51817 115
475.00 464.56 51843 115
478.50 464.44 51869 115
487.38 465.00 51895 115
497.82 464.12 51921 115
508.38 463.44 51947 115
518.38 464.00 51973 115
527.50 464.00 51999 115
535.50 464.44 52025 115
542.19 465.00 52051 115
546.31 465.00 52077 115
547.56 464.56 52103 115
546.12 464.00 52129 115
544.56 464.44 52155 115
544.00 464.56 52182 115
542.69 464.44 52207 115
538.37 464.56 52233 115
531.93 464.00 52259 115
525.37 464.00 52285 115
519.37 464.00 52311 115
513.37 464.00 52337 115
507.37 464.88 52363 116
500.93 465.56 52389 115
494.81 465.00 52415 115
489.37 465.00 52441 115
484.69 464.56 52467 115
480.37 464.44 52493 115
476.12 465.00 52519 115
474.56 465.00 52545 115
474.44 464.56 52571 115
475.00 464.44 52597 115
475.00 465.00 52623 115
475.00 465.00 52649 115
476.75 465.00 52675 115
482.94 465.00 52701 115
492.82 465.00 52727 115
503.82 465.00 52753 115
513.94 465.00 52780 115
522.94 465.00 52805 115
531.50 465.44 52831 116
539.50 465.56 52857 115
545.75 465.00 52883 115
548.00 464.56 52909 115
546.69 464.44 52935 115
544.56 464.56 52961 115
544.44 464.00 52987 115
544.12 464.00 53013 115
541.25 464.44 53039 115
535.50 464.12 53065 115
527.93 463.88 53091 115
521.37 465.00 53117 115
516.25 464.56 53143 115
511.37 464.44 53169 115
504.93 465.00 53195 115
498.37 465.00 53221 115
491.93 465.00 53248 115
485.81 465.00 53273 115
480.81 464.56 53299 115
476.69 464.00 53325 115
475.00 464.44 53351 115
475.00 464.56 53378 115
475.00 464.44 53403 115
475.00 465.00 53429 115
475.00 465.00 53455 115
475.00 465.00 53481 115
478.50 464.56 53507 115
486.94 464.00 53533 115
496.38 464.44 53559 115
506.82 465.00 53585 115
516.94 464.56 53611 115
526.38 464.44 53637 115
535.07 464.56 53663 115
541.63 464.00 53689 115
546.31 464.44 53715 115
547.56 465.00 53741 115
546.12 464.56 53767 115
545.00 464.00 53793 115
545.00 464.44 53819 115
544.12 464.56 53846 115
539.93 464.00 53871 115
532.93 464.00 53897 115
525.93 464.44 53923 115
519.81 465.00 53949 115
514.37 464.56 53975 115
508.81 464.44 54001 115
503.37 465.00 54027 115
497.37 464.56 54053 115
490.93 464.00 54079 115
484.81 464.00 54105 115
479.81 464.88 54131 116
476.12 465.12 54157 115
475.00 464.00 54183 115
475.00 464.44 54209 115
475.00 465.00 54235 115
475.00 464.56 54261 115
475.00 464.00 54287 115
475.88 464.44 54313 115
480.94 465.00 54339 115
490.38 465.00 54365 115
500.38 464.56 54391 115
510.38 464.44 54417 115
520.38 464.56 54444 115
529.50 464.44 54469 115
537.07 464.56 54495 115
543.63 464.44 54521 115
547.88 464.56 54547 115
547.69 464.00 54573 115
545.12 464.44 54599 115
544.44 465.00 54625 115
544.56 465.00 54651 115
542.25 465.00 54677 115
537.37 464.56 54703 115
530.93 464.44 54729 115
523.93 465.00 54755 115
517.37 464.56 54781 115
511.81 464.44 54807 115
505.93 465.00 54833 115
499.37 465.00 54859 115
493.81 464.56 54885 115
488.81 464.00 54912 115
483.81 464.00 54937 115
479.25 464.44 54963 115
476.12 464.56 54989 115
475.00 464.00 55015 115
475.00 464.44 55042 115
474.56 465.00 55067 115
474.44 464.56 55093 115
475.00 464.00 55119 115
477.19 464.00 55145 115
483.94 464.44 55171 115
492.94 465.00 55197 115
502.82 464.56 55223 115
512.94 464.44 55249 115
522.38 465.00 55275 115
531.50 465.00 55301 115
539.07 464.56 55327 115
545.19 464.44 55353 115
548.44 464.56 55379 115
547.25 464.00 55405 115
545.00 463.56 55431 115
545.00 463.44 55457 115
544.56 464.44 55483 115